EPPLER E850 AIRFOIL
       35.       33.

  0.000000  0.000000
  0.000130  0.000650
  0.000810  0.001790
  0.002440  0.003490
  0.006350  0.006210
  0.008450  0.007350
  0.020250  0.012240
  0.036920  0.017150
  0.058390  0.021960
  0.084450  0.026610
  0.114800  0.031050
  0.149130  0.035180
  0.187080  0.038940
  0.228220  0.042270
  0.272150  0.045110
  0.318390  0.047410
  0.366450  0.049140
  0.415830  0.050260
  0.466000  0.050750
  0.516440  0.050590
  0.566610  0.049780
  0.615970  0.048320
  0.664020  0.046180
  0.710230  0.043350
  0.754200  0.039760
  0.795630  0.035440
  0.834270  0.030510
  0.869890  0.025270
  0.902070  0.020070
  0.930270  0.015200
  0.953990  0.010700
  0.973020  0.006520
  0.987400  0.002970
  0.996720  0.000770
  1.000000  0.000080

  0.000000  0.000000
  0.000210 -0.000640
  0.001050 -0.001710
  0.002940 -0.003250
  0.007220 -0.005760
  0.015280 -0.008890
  0.030370 -0.012940
  0.050350 -0.016720
  0.075100 -0.020200
  0.104290 -0.023360
  0.137580 -0.026140
  0.174560 -0.028480
  0.214820 -0.030280
  0.257880 -0.031470
  0.303250 -0.031860
  0.350550 -0.031250
  0.399520 -0.029530
  0.449900 -0.026720
  0.501490 -0.023020
  0.553890 -0.018850
  0.606440 -0.014580
  0.658460 -0.010480
  0.709210 -0.006750
  0.757970 -0.003580
  0.804010 -0.001050
  0.846600  0.000740
  0.885080  0.001830
  0.918810  0.002250
  0.947220  0.002150
  0.969880  0.001690
  0.986450  0.001040
  0.996590  0.000380
  1.000000  0.000080
