EPPLER E851 AIRFOIL
       35.       33.

  0.000000  0.000000
  0.000090  0.000740
  0.000710  0.002050
  0.002260  0.004010
  0.006000  0.007250
  0.010580  0.010110
  0.023250  0.015960
  0.040660  0.021860
  0.062721  0.027660
  0.089231  0.033300
  0.119891  0.038670
  0.154362  0.043700
  0.192302  0.048271
  0.233302  0.052311
  0.276943  0.055741
  0.322753  0.058511
  0.370264  0.060561
  0.418984  0.061841
  0.468385  0.062311
  0.517955  0.061941
  0.567186  0.060691
  0.615526  0.058501
  0.662597  0.055251
  0.708097  0.050940
  0.751777  0.045691
  0.793428  0.039770
  0.832628  0.033620
  0.868809  0.027570
  0.901399  0.021830
  0.929879  0.016530
  0.953760  0.011670
  0.972870  0.007160
  0.987320  0.003330
  0.996690  0.000930
  1.000000  0.000170

  0.000000  0.000000
  0.000250 -0.000720
  0.001150 -0.001900
  0.003130 -0.003600
  0.007620 -0.006250
  0.012680 -0.008370
  0.026840 -0.012610
  0.045970 -0.016530
  0.069931 -0.020070
  0.098461 -0.023240
  0.131211 -0.025990
  0.167762 -0.028270
  0.207692 -0.030000
  0.250522 -0.031090
  0.295753 -0.031370
  0.343013 -0.030630
  0.392044 -0.028760
  0.442584 -0.025780
  0.494445 -0.021880
  0.547235 -0.017540
  0.600276 -0.013110
  0.652867 -0.008890
  0.704277 -0.005100
  0.753728 -0.001910
  0.800488  0.000570
  0.843798  0.002260
  0.882969  0.003180
  0.917329  0.003380
  0.946299  0.003020
  0.969410  0.002280
  0.986270  0.001360
  0.996540  0.000530
  1.000000  0.000170
