EPPLER E854 AIRFOIL
       35.       33.

  0.000000  0.000000
  0.000340  0.001990
  0.001520  0.004950
  0.004680  0.009850
  0.006190  0.011670
  0.016030  0.020680
  0.030281  0.030091
  0.048851  0.039571
  0.071591  0.048891
  0.098292  0.057901
  0.128633  0.066401
  0.162303  0.074211
  0.198944  0.081152
  0.238185  0.087032
  0.279606  0.091692
  0.322776  0.094862
  0.367427  0.096262
  0.413418  0.095792
  0.460549  0.093522
  0.508600  0.089612
  0.557221  0.084402
  0.605902  0.078212
  0.654083  0.071291
  0.701214  0.063891
  0.746685  0.056251
  0.789936  0.048561
  0.830367  0.041021
  0.867427  0.033771
  0.900588  0.026930
  0.929358  0.020570
  0.953279  0.014640
  0.972329  0.008940
  0.986860  0.003910
  0.996520  0.000630
  1.000000 -0.000420

  0.000000  0.000000
  0.000090 -0.001150
  0.000520 -0.002250
  0.001750 -0.003960
  0.004220 -0.006310
  0.009540 -0.009890
  0.019390 -0.014470
  0.036421 -0.019910
  0.058351 -0.024791
  0.085002 -0.029051
  0.116072 -0.032721
  0.151143 -0.035751
  0.189764 -0.038061
  0.231455 -0.039551
  0.275695 -0.040031
  0.322126 -0.039261
  0.370477 -0.037061
  0.420578 -0.033351
  0.472439 -0.028361
  0.525760 -0.022721
  0.579832 -0.016950
  0.633893 -0.011440
  0.687134 -0.006480
  0.738715 -0.002330
  0.787766  0.000860
  0.833447  0.003020
  0.874947  0.004130
  0.911508  0.004300
  0.942419  0.003700
  0.967149  0.002600
  0.985230  0.001280
  0.996280  0.000090
  1.000000 -0.000420
